  0        0 4.3
  1   100000 1.7
  2   200000 0.7
  3   300000 3.3
  4   400000 9.0
  5   500000 6.3
  6   600000 9.3
  7   700000 8.7
  8   800000 15.3
  9   900000 19.3
 10  1000000 23.0
 11  1100000 24.0
 12  1200000 26.3
 13  1300000 30.7
 14  1400000 44.3
 15  1500000 39.7
 16  1600000 43.0
 17  1700000 39.0
 18  1800000 56.3
 19  1900000 29.0
 20  2000000 35.7
 21  2100000 29.7
 22  2200000 32.7
 23  2300000 57.3
 24  2400000 52.7
 25  2500000 54.7
 26  2600000 58.7
 27  2700000 43.0
 28  2800000 71.3
 29  2900000 79.0
 30  3000000 80.7
 31  3100000 65.3
 32  3200000 78.0
 33  3300000 68.0
 34  3400000 57.0
 35  3500000 60.3
 36  3600000 103.0
 37  3700000 58.3
 38  3800000 73.3
 39  3900000 128.0
 40  4000000 59.0
 41  4100000 44.7
 42  4200000 85.3
 43  4300000 87.3
 44  4400000 84.7
 45  4500000 87.0
 46  4600000 201.0
 47  4700000 74.0
 48  4800000 127.0
 49  4900000 86.7
 50  5000000 198.0
 51  5100000 87.7
 52  5200000 61.3
 53  5300000 69.3
 54  5400000 54.3
 55  5500000 174.3
 56  5600000 137.3
 57  5700000 53.7
 58  5800000 149.7
 59  5900000 157.7
 60  6000000 129.7
 61  6100000 109.7
 62  6200000 46.7
 63  6300000 116.0
 64  6400000 21.3
 65  6500000 92.0
 66  6600000 273.0
 67  6700000 59.0
 68  6800000 60.3
 69  6900000 21.0
 70  7000000 112.0
 71  7100000 41.0
 72  7200000 168.3
 73  7300000 114.0
 74  7400000 99.0
 75  7500000 11.0
 76  7600000 41.0
 77  7700000 100.0
 78  7800000 126.7
 79  7900000 155.0
 80  8000000 36.0
 81  8100000 103.0
 82  8200000 31.3
 83  8300000 101.0
 84  8400000 130.0
 85  8500000 80.0
 86  8600000 78.0
 87  8700000 76.0
 88  8800000 96.7
 89  8900000 251.7
 90  9000000 45.0
 91  9100000 85.3
 92  9200000 41.7
 93  9300000 43.3
 94  9400000 134.7
 95  9500000 72.3
 96  9600000 19.0
 97  9700000 62.3
 98  9800000 164.7
 99  9900000 168.0
100 10000000 109.0
101 10100000 39.7
102 10200000 108.3
103 10300000 22.0
104 10400000 142.3
105 10500000 210.3
106 10600000 83.0
107 10700000 54.7
108 10800000 41.3
109 10900000 108.0
110 11000000 50.7
111 11100000 158.3
112 11200000 122.7
113 11300000 24.3
114 11400000 68.3
115 11500000 159.0
116 11600000 109.7
117 11700000 171.3
118 11800000 119.3
119 11900000 156.7
120 12000000 174.0
121 12100000 129.7
122 12200000 156.7
123 12300000 19.0
124 12400000 81.0
125 12500000 129.3
126 12600000 128.7
127 12700000 152.7
128 12800000 52.3
129 12900000 149.3
130 13000000 65.0
131 13100000 95.3
132 13200000 79.7
133 13300000 207.0
134 13400000 133.0
135 13500000 197.0
136 13600000 190.0
137 13700000 115.3
138 13800000 88.7
139 13900000 172.7
140 14000000 94.3
141 14100000 321.0
142 14200000 201.0
143 14300000 41.3
144 14400000 93.3
145 14500000 222.0
146 14600000 204.0
147 14700000 15.0
148 14800000 86.0
149 14900000 242.7
150 15000000 133.7
151 15100000 247.3
152 15200000 36.7
153 15300000 175.7
154 15400000 27.0
155 15500000 32.3
156 15600000 68.7
157 15700000 36.7
158 15800000 155.0
159 15900000 136.7
160 16000000 85.3
161 16100000 42.7
162 16200000 84.7
163 16300000 43.7
164 16400000 81.7
165 16500000 19.0
166 16600000 65.3
167 16700000 292.0
168 16800000 324.0
169 16900000 46.3
170 17000000 15.3
171 17100000 151.0
172 17200000 67.0
173 17300000 139.7
174 17400000 58.3
175 17500000 293.7
176 17600000 38.7
177 17700000 129.3
178 17800000 132.0
179 17900000 160.0
180 18000000 172.3
181 18100000 29.7
182 18200000 21.3
183 18300000 264.7
184 18400000 41.3
185 18500000 154.3
186 18600000 264.3
187 18700000 245.7
188 18800000 115.3
189 18900000 102.7
190 19000000 116.7
191 19100000 158.7
192 19200000 129.7
193 19300000 63.3
194 19400000 46.3
195 19500000 165.0
196 19600000 22.0
197 19700000 122.0
198 19800000 28.7
199 19900000 153.0
200 20000000 190.3
201 20100000 117.0
202 20200000 139.7
203 20300000 80.7
204 20400000 134.7
205 20500000 194.7
206 20600000 98.0
207 20700000 178.0
208 20800000 155.0
209 20900000 352.0
210 21000000 17.0
211 21100000 352.7
212 21200000 232.0
213 21300000 153.7
214 21400000 175.0
215 21500000 22.7
216 21600000 230.0
217 21700000 247.3
218 21800000 99.7
219 21900000 131.7
220 22000000 267.7
221 22100000 186.3
222 22200000 165.7
223 22300000 171.0
224 22400000 121.0
225 22500000 138.0
226 22600000 243.0
227 22700000 164.3
228 22800000 344.0
229 22900000 56.0
230 23000000 116.3
231 23100000 251.7
232 23200000 44.0
233 23300000 13.7
234 23400000 188.7
235 23500000 152.0
236 23600000 94.0
237 23700000 31.0
238 23800000 156.3
239 23900000 202.0
240 24000000 124.7
241 24100000 29.0
242 24200000 24.3
243 24300000 201.0
244 24400000 174.7
245 24500000 230.7
246 24600000 68.0
247 24700000 101.0
248 24800000 363.7
249 24900000 115.3
250 25000000 231.3
251 25100000 26.3
252 25200000 260.3
253 25300000 95.0
254 25400000 221.3
255 25500000 158.0
256 25600000 239.3
257 25700000 10.3
258 25800000 53.7
259 25900000 169.0
260 26000000 213.7
261 26100000 282.3
262 26200000 51.3
263 26300000 93.7
264 26400000 256.0
265 26500000 18.0
266 26600000 136.3
267 26700000 202.7
268 26800000 154.7
269 26900000 162.7
270 27000000 256.7
271 27100000 248.0
272 27200000 267.3
273 27300000 166.3
274 27400000 225.7
275 27500000 246.0
276 27600000 193.0
277 27700000 264.3
278 27800000 33.3
279 27900000 285.0
280 28000000 131.7
281 28100000 155.7
282 28200000 17.0
283 28300000 154.7
284 28400000 48.3
285 28500000 333.3
286 28600000 102.0
287 28700000 127.7
288 28800000 267.0
289 28900000 158.7
290 29000000 41.3
291 29100000 293.0
292 29200000 166.0
293 29300000 171.7
294 29400000 33.7
295 29500000 135.0
296 29600000 348.7
297 29700000 115.7
298 29800000 114.0
299 29900000 227.0
300 30000000 46.7
301 30100000 268.0
302 30200000 166.0
303 30300000 231.3
304 30400000 184.7
305 30500000 385.0
306 30600000 67.3
307 30700000 15.7
308 30800000 130.0
309 30900000 301.0
310 31000000 265.3
311 31100000 167.0
312 31200000 31.0
313 31300000 79.3
314 31400000 132.0
315 31500000 345.3
316 31600000 57.7
317 31700000 160.3
318 31800000 388.0
319 31900000 157.3
320 32000000 150.7
321 32100000 245.7
322 32200000 246.0
323 32300000 15.3
324 32400000 167.0
325 32500000 240.3
326 32600000 51.3
327 32700000 349.7
328 32800000 63.0
329 32900000 215.7
330 33000000 187.0
331 33100000 153.3
332 33200000 51.7
333 33300000 211.0
334 33400000 230.3
335 33500000 151.7
336 33600000 240.0
337 33700000 235.3
338 33800000 16.7
339 33900000 39.3
340 34000000 171.7
341 34100000 67.7
342 34200000 80.3
343 34300000 30.7
344 34400000 166.7
345 34500000 281.0
346 34600000 41.3
347 34700000 69.0
348 34800000 151.0
349 34900000 368.0
350 35000000 214.7
351 35100000 114.0
352 35200000 287.7
353 35300000 374.0
354 35400000 107.3
355 35500000 83.0
356 35600000 12.0
357 35700000 145.0
358 35800000 255.7
359 35900000 142.7
360 36000000 20.3
361 36100000 243.3
362 36200000 238.7
363 36300000 264.0
364 36400000 155.7
365 36500000 123.3
366 36600000 26.3
367 36700000 191.3
368 36800000 394.0
369 36900000 124.7
370 37000000 57.0
371 37100000 185.3
372 37200000 150.3
373 37300000 18.7
374 37400000 146.3
375 37500000 111.3
376 37600000 92.0
377 37700000 14.0
378 37800000 189.3
379 37900000 252.3
380 38000000 218.0
381 38100000 146.7
382 38200000 147.7
383 38300000 254.0
384 38400000 144.0
385 38500000 92.7
386 38600000 278.7
387 38700000 311.0
388 38800000 52.7
389 38900000 257.3
390 39000000 184.7
391 39100000 121.7
392 39200000 171.0
393 39300000 15.3
394 39400000 253.7
395 39500000 129.3
396 39600000 260.7
397 39700000 394.7
398 39800000 129.0
399 39900000 29.3
400 40000000 257.0
401 40100000 308.7
402 40200000 11.7
403 40300000 198.3
404 40400000 46.3
405 40500000 152.7
406 40600000 10.3
407 40700000 145.0
408 40800000 134.7
409 40900000 254.7
410 41000000 35.0
411 41100000 14.7
412 41200000 10.3
413 41300000 126.3
414 41400000 63.7
415 41500000 36.3
416 41600000 141.3
417 41700000 43.3
418 41800000 79.7
419 41900000 22.0
420 42000000 40.0
421 42100000 76.7
422 42200000 180.0
423 42300000 200.0
424 42400000 381.3
425 42500000 153.7
426 42600000 44.0
427 42700000 155.7
428 42800000 218.7
429 42900000 38.0
430 43000000 179.0
431 43100000 162.3
432 43200000 38.0
433 43300000 31.3
434 43400000 203.7
435 43500000 127.7
436 43600000 33.7
437 43700000 255.3
438 43800000 43.0
439 43900000 37.7
440 44000000 191.3
441 44100000 16.7
442 44200000 43.7
443 44300000 138.3
444 44400000 79.7
445 44500000 77.3
446 44600000 150.0
447 44700000 12.7
448 44800000 119.0
449 44900000 10.3
450 45000000 155.7
451 45100000 26.7
452 45200000 156.3
453 45300000 8.0
454 45400000 17.7
455 45500000 162.0
456 45600000 159.7
457 45700000 114.0
458 45800000 15.0
459 45900000 275.0
460 46000000 139.7
461 46100000 166.7
462 46200000 17.0
463 46300000 68.0
464 46400000 53.0
465 46500000 12.7
466 46600000 165.0
467 46700000 81.0
468 46800000 294.3
469 46900000 57.7
470 47000000 255.0
471 47100000 181.0
472 47200000 130.0
473 47300000 222.7
474 47400000 36.0
475 47500000 97.0
476 47600000 144.3
477 47700000 139.0
478 47800000 13.0
479 47900000 193.0
480 48000000 170.0
481 48100000 193.3
482 48200000 211.3
483 48300000 44.3
484 48400000 155.7
485 48500000 147.7
486 48600000 142.7
487 48700000 30.7
488 48800000 167.7
489 48900000 221.7
490 49000000 100.3
491 49100000 139.3
492 49200000 95.0
493 49300000 210.0
494 49400000 136.7
495 49500000 126.7
496 49600000 47.7
497 49700000 163.3
498 49800000 141.0
499 49900000 143.7
